356
296
318
593
2571
260
480
527
110
589
1196
1
780
2959
150
858
2858
1198
457
47
1210
50
588
2028
592
4993
5952
2762
7153
608
32
380
377
3578
590
4306
1580
1270
648
364
367
6539
344
58559
1214
595
316
500
4226
1291
7361
1721
1704
165
1265
153
1193
293
597
231
1136
3793
2628
1036
6377
541
1197
79132
1200
1213
733
6874
4886
1089
34
1240
1221
33794
1682
5445
5349
4973
2329
1527
5989
1097
4963
10
736
2683
1968
4995
3996
60069
329
1073
586
2115
4896
1206
8961
111
5418
539
223
208
2
185
924
4878
2716
912
587
1732
3147
1923
2918
1517
1258
1222
7438
68954
5816
349
434
1961
1784
2997
292
253
6
357
339
2706
454
1356
1208
104
778
6365
5378
48516
4022
3114
2987
1617
1387
919
72998
59315
44191
3949
4027
39
32587
288
2396
2012
551
1917
161
3948
3897
2502
2355
21
1393
1307
1219
8360
2324
2174
141
8368
750
5218
48780
410
4011
2791
1610
5618
2011
1391
2916
19
1220
1080
51662
788
2617
1246
48394
317
2291
904
68157
46578
337
3052
2797
1653
16
1584
8636
6934
6333
54286
1259
95
442
440
368
3623
300
1625
8874
6373
62
49272
2700
1101
594
3994
3753
3751
2692
1573
1407
1201
8665
50872
4034
35836
923
91529
40815
2000
163
1028
6711
17
1676
1485
11
1079
7147
5502
520
2985
235
2194
1544
1370
1288
1247
99114
63082
474
3481
3408
33493
25
2054
69122
6016
45722
4262
4246
2353
1304
1225
70286
55820
552
48774
48385
48
4447
266
1954
173
109487
4979
41566
158
1377
1252
1127
89745
74458
6863
4025
3977
3527
1380
1207
5481
3717
36
3175
2321
2167
1278
1234
786
553
466
435
3671
3535
3081
2081
1500
1035
7143
5669
56367
5459
54503
54001
51255
509
508
353
2671
2529
2080
1552
81845
596
4816
3471
3421
34162
2710
1997
1777
908
6942
653
6378
5956
53125
3253
2712
2657
2542
172
160
1374
1276
1199
112852
1090
903
8644
73017
69844
56174
432
30793
3033
3
2406
1203
953
76093
555
4848
4370
420
33679
2804
2640
1641
1639
1394
1230
8641
8464
708
70
6502
52973
350
34048
2599
2424
2302
2019
2005
122904
1148
106782
910
78499
784
71535
4239
370
2144
2105
2006
2001
1466
145
1282
7
59784
5299
5
49530
4776
4720
45499
2947
2470
2078
1748
1215
91500
88125
68358
673
5991
485
4571
3489
3160
2701
2268
1729
168
1645
1367
96079
920
8784
81834
77561
7458
745
5995
4018
3785
333
30749
3000
2699
225
2100
2002
1722
1302
122882
8361
80463
6870
3755
3752
3552
34405
2572
2395
216
186
134130
1092
852
783
661
64614
5464
5010
46976
44
4369
431
4308
4014
37729
30707
2763
2717
2539
236
2294
2288
1608
1396
1375
1358
1275
1250
1228
112
1088
899
8798
6807
6537
54272
5060
47099
45447
4270
33166
3275
31685
2694
2641
2407
2087
1909
151
1266
109374
913
87232
8529
7293
7254
5903
494
47610
4367
3911
376
3418
2278
2085
1994
1921
1884
1371
111759
81591
76251
69757
6936
60684
57669
5679
543
4975
497
4718
4643
44199
4085
3863
3624
3448
3255
3176
3174
2746
252
2490
1967
1690
1597
1263
1262
1242
1233
1204
116797
1022
91658
8984
802
79702
616
5377
4310
3967
3916
3617
3499
33004
3210
31
2915
27773
2770
2455
2193
2076
2023
1674
1673
1285
98809
8622
6218
61323
3363
315
30810
2951
2289
224
196
1907
1320
1129
1042
8950
849
79091
785
64957
58998
55247
441
4299
3868
355
3409
31658
3101
2968
2908
2723
261
2605
2161
2018
1376
134853
1183
1084
1029
969
92259
837
762
7373
66097
59369
58
529
5266
45517
44665
41569
40819
3362
3082
3039
29
2890
282
2273
1876
1562
1408
1372
122886
1172
115617
1094
91542
914
8528
805
7451
7090
6708
63113
6188
53996
471
455
4148
345
33615
2541
2427
2231
2094
1953
193
1345
1333
1274
119145
112552
8949
85414
8376
69481
628
6157
60040
5810
54259
51540
4361
4223
4016
3988
3702
36529
3301
3108
2580
2420
2300
2003
112556
1060
1059
1020
915
88140
88129
8533
7445
6947
64969
637
6287
5971
59615
5902
585
55765
53972
53322
4874
4701
4638
4015
3703
3698
3555
34150
3300
3247
30825
2944
272
256
2124
1569
152081
8970
8957
86332
68237
6754
6534
64839
61132
60
5064
4641
45720
44195
4344
39183
3882
3826
38061
362
3510
348
34319
31696
3168
30812
2761
2724
246
2393
2248
22
2140
1911
1479
1249
94959
8972
838
72011
6541
61024
5673
5444
52722
5254
45
3809
3745
3740
327
2949
2788
277
265
2150
2064
1918
1805
180
170
1566
1373
1287
1272
1271
1244
1047
902
88163
8807
832
743
72641
671
5630
5388
4734
4321
38038
342
3396
3361
3273
3256
3034
3006
2948
2423
2421
2403
24
2384
2145
2058
204
198
1947
1644
1513
1405
1261
112183
111362
108932
102125
97938
96610
95167
84152
68319
6787
65
610
60074
51935
3825
3476
3450
3254
273
2722
2581
2232
1882
1831
1747
1717
1663
164179
1293
1269
1257
1223
1179
1120
1093
1061
104841
1027
8783
799
719
7022
66934
647
6281
60756
5945
5872
56757
524
52
4890
4823
46723
45186
44555
4002
3968
3681
3556
3285
3257
3186
3072
303
2953
2871
2826
27706
2501
2485
2478
2409
2394
2243
2082
1982
1591
1587
139385
1267
115713
110102
1077
107
106696
1032
1021
97304
95510
922
8917
720
6503
53953
531
5219
5013
4489
4446
4388
4232
4128
3869
374
2986
2160
1960
1912
1680
1499
1299
1235
122900
122892
1125
106920
106489
97921
968
916
909
898
880
86882
80549
7323
724
6957
6953
56782
54997
4901
4700
4019
3969
3462
3252
3005
2991
2795
2471
2431
2369
2186
2096
1952
1792
166528
1614
1590
1586
135
1339
1253
1212
115149
1086
106487
105
1037
1025
101
93510
8983
8873
8371
82459
7454
741
6155
5620
562
5617
53519
5283
5110
46972
46970
45672
4235
413
3798
3697
3534
3269
3148
3098
3087
2840
27904
276
2707
2687
2496
2411
2366
2359
215
2020
2013
1883
1779
168252
1476
122918
117529
116823
105504
1049
94864
926
87869
86880
866
81847
74789
7099
6773
67255
62434
60072
57368
56775
5507
5449
5313
515
5103
468
46530
4343
4247
4069
3893
372
371
3608
3386
3360
3317
3264
3107
3105
3104
2989
2805
2428
2378
237
2352
230
227
2134
2109
2108
207
2052
203
2021
2010
1801
1378
1350
1343
1321
1298
122922
1188
104211
1031
102445
96588
89492
88744
84954
830
80489
800
707
6593
63992
6323
54995
546
52281
5171
475
41997
4023
3984
383
3827
37733
36401
3638
34437
3438
3424
338
3298
3263
3100
3070
3037
2993
27611
2686
2616
2598
247
2410
2375
2371
2336
2253
2245
2133
2067
175
148626
1449
1438
1409
1385
1357
122920
106072
102903
97913
955
933
91630
8865
81932
81562
79592
748
7444
7325
72378
69
6796
5574
55276
55269
53464
5225
519
49286
48738
4855
4448
44022
4366
4161
3979
379
37386
3704
3683
3536
3354
319
3083
307
2872
262
2528
2405
2402
2391
2376
2335
2125
2046
2009
1958
1945
1711
1693
1616
1588
1556
1441
1381
1347
1297
1256
1231
1186
1171
106918
93840
90866
88405
87306
836
7371
7173
6979
69526
68791
6764
6383
6350
5954
58293
56171
55290
5400
514
4958
481
4728
4105
40629
4007
3986
3735
3635
3508
3504
33162
31410
314
308
2863
2841
27660
2642
2600
2139
2137
2083
1920
176371
1719
1429
14
1388
1303
1292
1237
122916
112138
1100
105844
103335
1033
103042
102407
101864
97752
954
930
8969
8958
8910
88810
83134
81229
78469
765
761
737
7346
73321
69406
6888
6565
6297
6283
6059
5957
5943
58803
58025
5528
5308
52245
5151
502
49278
4865
48304
4545
428
4054
39292
3861
3744
3633
361
3593
32031
3159
2567
2533
2527
2505
2413
2387
2313
2141
2118
2059
2053
1962
194
18
1702
1688
1635
1488
138036
128360
1283
1248
118696
1104
1091
107406
106916
1015
96821
95441
94677
8914
8810
87222
86833
84772
8228
79695
79
7160
7004
6873
6564
65230
63859
6156
60950
609
5992
5881
5782
57640
56152
5541
5419
540
53000
52975
5026
50068
4980
4974
491
4881
47997
477
4623
4499
4351
4327
4238
415
40278
3917
3910
3821
3791
37741
3763
3646
33660
3328
3267
3258
31878
3157
3113
3089
3020
2973
2720
2643
2606
2450
2398
239
2338
2311
222
2146
2110
2088
1835
1754
1753
1687
136020
134368
1296
1254
1245
1243
1224
1209
12
1175
112623
108190
104879
103772
103341
103249
96737
94777
91535
8985
8861
8366
76
7387
7317
72226
71530
714
67734
67087
63131
61240
60126
59900
58047
56949
5463
53894
534
516
5152
5015
5014
492
4639
419
41285
412
4084
40583
4039
4017
3852
37384
3730
3686
36519
3639
3615
3591
3479
3468
3452
3398
3173
3156
3146
3016
2990
2792
27831
2735
2702
26662
2530
248
2447
2412
2340
2318
2301
23
2297
1965
1892
1726
168250
164
159
1589
1515
1464
1431
142488
140
136864
1359
135569
115569
1135
111659
111364
1103
104374
103253
103141
102123
100
99007
9
892
8907
8781
86911
839
82461
81564
81
798
79293
77455
7439
7318
7163
6944
6879
6755
6709
6659
6620
6618
6586
6548
60397
5944
58295
5791
575
56587
55118
532
53121
5291
51086
5072
5066
4873
47200
46965
4621
45666
45431
44761
42738
41
4033
4020
3978
3972
382
3526
351
3507
3441
3435
34072
3355
3248
3246
3178
3088
2966
2912
2901
290
2857
2819
281
2808
2779
2728
267
257
249
2468
2467
2416
2379
2367
2123
2072
2065
20
1894
181
177765
1772
1619
135143
1327
1284
1281
122924
1227
1217
117176
111781
1095
106100
103228
1030
1019
996
99112
991
98961
965
952
951
928
911
90405
89864
89774
89470
88
8638
84944
84374
842
80219
76175
7360
7347
7265
7247
7156
70293
70183
6993
69644
68554
6595
6552
6550
65088
6385
6331
62999
6003
5785
56145
53993
537
533
52604
52435
5049
4992
4967
49651
490
48877
4887
48043
46
45880
4558
4214
41571
4121
4041
4036
3999
3980
3836
3668
3440
3439
33836
3316
3259
3243
3219
3198
306
2995
2952
2942
2881
2827
2802
2798
2794
2719
2688
2476
2463
2459
2422
2414
234
232
2004
1974
1959
1957
1956
1895
1885
1845
1833
1769
174055
1665
162
1615
159093
154
1537
15
1457
1344
1260
1251
125
122926
122906
1218
1124
112290
111360
999
994
91077
905
8981
8640
85510
84392
83349
78105
76077
7569
7482
73
72737
7149
71057
7046
694
6857
663
66203
64983
6482
6440
631
6305
6242
5878
56941
5693
5690
5577
55052
5505
54999
54004
52328
51412
5135
5108
51077
5025
49649
493
47518
4679
46335
45950
45728
44972
4487
44840
445
43928
4255
4254
421
417
4144
39446
393
3812
3784
3783
37727
3741
3707
3699
36708
36517
3564
3543
3483
3477
3461
3429
332
3274
3271
3268
3262
3260
3213
3203
30822
3060
3053
3044
3035
3030
2924
2867
280
2796
27801
2718
2713
2690
2622
26
2474
2454
2404
2360
2334
233
2247
2143
2136
2126
2114
2060
1970
1969
1955
1916
1834
179819
176
1735
1603
1541
152077
1483
147
1416
137857
135133
1348
1295
1289
122912
1178
116897
114662
1131
112175
111743
111113
110553
1096
1078
107348
1064
1041
102481
1023
986
98243
971
96829
95105
94
934
93326
92535
921
91485
90746
900
89904
8977
89
87485
86644
86345
86
8507
8370
81537
810
80906
79139
79134
78772
78209
74795
7367
7324
72407
71899
71745
7162
7154
7151
7150
71264
709
69951
69784
68793
6867
68135
65261
64716
6296
62956
6294
6238
6214
59725
5970
59258
59022
5784
5621
5608
55721
55442
55363
55282
542
54190
535
5296
5294
5265
52287
5128
5065
4994
4954
4936
47629
4642
45501
45081
44974
4386
4378
43679
4326
42723
427
40826
40732
405
4040
4008
4005
3998
3997
3991
3983
3981
3831
3824
3814
381
37830
3754
37380
3701
3688
3616
34520
3358
3307
3270
3261
3244
322
31221
3067
3062
305
3019
2950
2926
2917
2875
2806
2803
2793
27846
27808
2726
2664
2662
2583
258
2565
2532
2513
2380
2325
2320
2312
2249
218
2176
2117
2116
2090
1950
195
1944
1927
188
187593
1848
1799
1760
175303
169
166643
1620
158238
1518
1480
143355
140110
139644
135887
1342
1301
129354
1277
1241
1238
1216
1211
1194
119141
1189
117590
1173
111921
106002
1013
101142
1009
99117
97923
96110
93838
93363
918
89753
8966
8947
8937
88785
87520
86298
86190
8373
83613
829
82
818
80693
801
79057
7669
7570
742
7285
71838
7155
71464
7137
7132
711
7034
6958
6793
67923
6753
67408
674
66
6535
62849
6266
62374
61250
61248
6104
6058
605
599
5959
59501
59387
5900
58156
57504
57274
57
5650
56339
55995
558
55280
5524
55232
54881
5478
54736
5401
5380
538
5329
5267
52458
5220
517
51084
5093
50794
507
5055
5047
5040
5008
4903
489
4876
48082
4799
4787
4719
47044
46948
4677
464
45730
45668
4553
4508
4387
437
4349
4333
4322
4291
4280
423
42011
42002
4167
416
4153
4149
4132
407
4052
4010
3959
37731
3742
37382
373
3708
366
36535
36525
360
358
3551
3549
3515
3503
3451
34338
3385
33646
3359
33437
3334
328
32598
3208
32029
31433
3095
3071
3054
3022
3004
2941
2921
289
2822
2799
2739
2731
2709
2672
2648
2644
2518
2473
2457
2456
2443
2433
2374
2346
2162
2138
2135
2122
2097
2089
205
2034
1991
1963
1939
1914
1862
1810
180031
174
1678
1672
166461
157296
157
1474
144
1411
1379
131013
1300
1290
1280
1273
1268
120466
1185
115210
114935
1147
114180
1057
104913
1010
1007
99813
98124
97836
97306
97225
95875
95720
950
945
940
93270
931
906
901
8973
8965
87430
8645
86377
8623
861
85367
85342
848
82167
804
7981
79224
79008
78574
76293
74545
74
7263
7255
7161
7158
71282
7123
71156
71033
710
7076
7028
6996
6952
69436
6893
6881
6880
68659
68205
6765
67197
6707
6662
6639
662
65802
65514
6484
64620
6380
6367
63062
6299
6290
6264
62081
6187
60937
6001
59421
5882
58299
57528
5747
56156
55830
5582
5540
5500
544
54256
5420
5363
5323
53129
5309
52952
5146
51080
50601
505
5009
4989
4951
4941
49396
49274
4889
4880
48783
4866
4857
47999
47122
46322
45210
44694
446
4368
4359
4340
43396
433
43
42725
41573
4103
4068
4062
4047
4037
4029
4006
39444
39381
3918
3844
3727
3706
3705
3684
3676
3524
3505
3498
3484
3466
3444
3426
3397
3388
33495
3296
3265
32296
32019
3201
3155
3152
3102
30894
30816
3066
3061
3040
3018
2946
2935
2907
2906
2889
2877
2870
2861
2860
2829
28
2752
2750
2747
27
26776
2668
26614
2613
2596
2560
2558
2531
2517
2469
2445
2408
2372
2354
2344
2296
2279
2269
2262
2259
2240
2236
2203
2202
2195
2183
2153
2148
2142
2130
2121
2112
2111
2040
2033
2022
2015
2014
1975
1889
1855
176101
1734
171763
170705
1701
163645
1627
161582
161131
159817
158872
150548
149406
146656
1459
143859
143385
1425
140174
135861
135536
1346
133419
13
1286
1279
122
1081
107141
106491
104241
102716
1017
1012
1005
98491
96728
95558
95207
95088
949
94780
943
932
92420
92
90647
89804
8908
8866
886
8814
87
8666
8643
8633
8614
851
85
8340
828
8254
81788
81784
8132
80363
7980
79357
7934
79242
79185
78893
78637
75985
7573
74530
7396
7381
7379
735
7327
72733
72
7169
71520
71254
704
70336
7007
6987
6974
69640
6932
69069
6890
688
6868
6774
6721
6664
6536
6461
64575
64231
64034
640
63876
6338
63072
6303
6250
62155
6213
6166
60766
60161
6006
5955
5941
58154
5812
5792
56801
56788
56251
55908
55872
55768
556
55267
55261
5508
5452
5446
53460
5339
5316
5312
5293
5292
52885
5247
51834
51709
5139
5106
50685
50442
5004
49822
4902
48997
4899
4741
4732
473
4681
4678
4654
4587
4546
45440
4519
4467
4450
4427
4396
43936
43871
43836
4228
4215
4203
42
4178
41716
4155
414
4109
4102
4090
4056
3950
3943
39414
3927
3925
3896
38886
3877
3873
3841
3811
3799
37857
3693
3685
3675
3654
3649
3629
3618
35957
3566
3422
3404
3392
33669
3347
33154
3308
3272
3266
32596
3250
325
3249
32017
3200
3196
3189
3181
31427
312
3099
3063
3036
3029
2971
2956
2936
2880
2879
2843
27815
27788
27772
2772
275
2745
2730
2729
27266
2594
2579
2568
2553
2551
2549
2492
2458
2436
2432
2430
2401
2390
2389
2373
2361
2348
2328
2322
229
2282
2261
2132
213
2093
2092
2048
2027
1995
1976
1971
1966
1951
1949
1931
1924
1873
1866
1809
1797
179401
177593
1713
1707
1694
1689
168248
1681
164909
1646
162350
160438
149354
1461
1432
1414
1354
134393
132046
130520
130490
127198
126
1232
122898
122890
120799
1202
117895
1126
110501
108729
1056
105213
103688
103372
101362
101112
1004
100383
97
96811
96417
95543
95449
94953
948
94478
936
93272
91976
91974
91128
91104
91094
90600
90522
90439
89087
8880
8869
8827
8808
8796
87529
87192
86293
85881
85774
8531
8387
82852
82202
82169
8207
8157
81156
809
80860
8042
80166
8014
8
79428
7845
78349
781
78039
7802
7757
7701
7698
7380
7375
7366
73323
7319
728
7256
7235
7164
71579
71518
7139
71379
71135
71106
7101
7063
7044
7036
7018
7001
700
6985
69306
69134
6832
6820
6811
6810
68073
678
6777
6763
6731
66509
66297
6617
65682
65216
64622
6460
64030
64
63
627
62113
612
61160
611
61
6062
60487
6014
5942
59126
5909
5876
5874
58103
5803
5796
56715
5632
5585
5573
5572
5570
5553
5501
550
5379
5364
5325
5303
52241
522
51939
5159
51575
5094
50912
501
49824
4914
4900
48982
48520
4844
48322
4821
4814
4748
4744
46974
4649
4616
4591
459
45732
4526
45221
4509
450
44828
448
44788
4474
4464
4452
44397
4406
44004
4380
438
4372
436
43560
429
4275
4267
42632
4234
4233
4231
4211
4205
41863
4159
4133
4104
40339
4021
40148
3985
3952
39435
39400
390
3788
3766
36527
3614
3594
3565
3557
3545
3529
3521
3513
3512
3511
3506
3501
3470
347
346
34542
34534
34323
343
3401
3387
33672
3365
3341
33158
3310
33085
330
32291
3204
31420
3134
3115
3038
3032
3024
302
2976
2940
2919
2883
2859
2846
2815
2810
2787
27839
27803
27741
27731
27721
2764
2736
2734
27020
2676
26680
2654
26152
26133
26084
2574
255
2524
2506
2497
2429
2418
2392
2381
2356
2349
2315
2290
2239
2188
2169
2159
2155
2151
2106
2036
2025
2017
1993
1977
1972
191
1863
1858
1840
1806
177
1755
171
1703
168418
166635
166534
162606
162578
1611
160980
160563
160080
1594
158966
1582
157699
1542
1498
1487
1446
1445
142448
139642
1390
1365
135436
135137
134170
133771
132
1306
126548
1192
1191
1190
1184
117881
1132
112171
111617
110771
108945
108928
1082
108156
106766
106642
104218
103810
103384
103339
102686
1024
102
1018
101525
1014
1011
100498
99149
990
98585
973
96861
96432
95873
95858
947
942
93766
93287
93
92938
90890
90717
90249
9010
8968
8951
88812
8879
8870
87867
87304
86781
86548
86347
86320
86142
8607
8604
8581
85401
85056
84601
83803
8253
8169
8154
81417
813
8128
80831
8011
7982
79553
7842
782
77866
77800
7766
7706
7700
7624
7587
75805
7541
75
74946
74868
7481
74685
7460
74324
74154
7376
73319
73268
73266
7320
7303
73023
7294
72605
7259
7257
725
7228
718
71462
7121
7117
7116
7115
7102
7084
70565
7027
7013
7008
6989
6975
697
6951
69275
68952
6887
6852
6808
68
67997
6794
6785
67695
6744
6702
6686
66785
6669
6666
6663
6645
66371
6625
6619
65685
65642
65585
650
64285
63853
6375
6370
6368
63433
6341
6337
6332
6301
62644
6252
62511
6249
62336
62250
619
613
60760
606
60514
6040
6025
6012
60037
5988
59333
5891
58347
58301
58162
58105
5804
580
569
56805
5668
5666
5665
56563
5628
5568
5548
5544
5530
5527
5504
5479
54785
5451
5450
5438
5434
5428
5421
5410
53956
53468
5319
5298
52967
52694
5264
5255
5246
523
51037
5080
50798
5039
5027
5016
49961
49910
4978
4971
4969
4928
4921
4898
4867
4850
48412
482
47950
479
4774
47644
47640
4754
47423
4738
4735
4713
4703
46967
469
4676
4640
461
4605
45928
45726
45662
4564
456
4544
4535
453
4518
45028
4477
4465
444
4437
4432
44193
43904
4383
4334
4304
4293
42718
4265
426
4248
42418
4229
4221
4220
422
4210
4175
4158
4141
4091
40723
4063
40581
4042
40414
4030
4012
4
3993
3992
3987
39869
3973
39715
3953
3946
39449
39231
3915
3909
3871
3864
3858
3843
3840
3835
3801
38
3786
378
3774
37739
37720
3770
3764
37240
3724
3723
3682
3672
3632
3627
3606
3553
3550
3548
3538
3528
3519
34334
34332
3425
3412
340
3394
33903
33880
3384
33499
3327
33164
33145
3306
3286
32657
32584
32460
3238
3221
3197
31804
3169
3142
31364
3130
31225
3093
3090
3074
3068
3041
3031
3017
3007
299
2970
2961
2937
2888
2866
2836
2807
27912
2786
27837
27822
27790
27604
27592
2759
2748
274
27397
27317
27193
27156
271
26903
2677
26729
2670
26258
26242
2618
26131
25825
2548
2504
2500
250
2498
2491
2383
2357
2351
2337
2306
2275
2266
2264
2263
2252
2208
2204
2184
2171
2170
2166
2163
2149
2131
210
2099
2077
2073
2070
2066
2050
1998
199
1948
1942
1919
187541
1875
184471
1844
1821
180985
1785
1783
1762
1752
174053
1731
1727
171011
169984
1683
167746
167036
1667
165549
1643
161634
160954
1602
1593
156609
1554
1550
155
152970
149352
148956
147384
1468
1454
1442
142422
140715
140711
140247
1399
1395
1392
1389
1382
136598
136562
1363
1361
1353
1334
1326
130576
1305
128975
128620
128520
1255
122896
1226
120635
118900
117887
117851
1177
116799
113453
113378
113348
1130
112911
112818
1128
112788
1111
1099
109578
1083
106540
104069
103235
103075
102033
1016
101577
101025
100163
998
99145
98203
96655
96616
96606
96448
95377
95309
95307
946
94503
944
94015
93831
938
93721
93563
93443
92509
92391
92008
91978
91628
91323
90888
90603
90430
90345
89840
8982
8967
8948
893
8928
89118
891
8906
8864
8860
8838
88356
8835
88235
881
87876
87483
87298
8695
869
86892
86835
86504
86295
86290
85796
85780
8542
8526
85179
85131
85022
8493
8491
84187
8369
8364
8362
835
833
83132
82854
8266
8261
8119
81018
80862
80586
8044
8033
80241
80139
8008
79879
7983
79274
7894
78467
7834
78316
78088
7762
7728
7720
7649
7619
75813
7579
74916
74750
74532
74510
7450
7448
7386
73854
7362
7354
7348
7340
73344
7316
7311
7310
73015
7301
7299
7297
72731
72701
7261
7258
72395
72356
7225
7216
7215
72129
7209
71823
71668
715
71252
7104
70994
70946
7078
70728
7069
7064
7060
70599
70533
70521
70361
7033
7024
7017
7016
70159
7000
6966
6959
69524
69278
6920
692
691
6898
6885
68848
6869
68486
680
6791
6790
6776
67295
67267
6724
6713
6710
6695
667
66665
6658
665
6638
6636
6629
6615
6614
6591
6582
6567
656
6558
6549
6538
65188
65126
6483
64497
6436
639
6387
6374
63540
6349
6345
6339
6327
6319
6308
6300
6291
6286
62439
62376
6219
6212
6196
6185
6183
6170
617
6162
6148
61236
61026
60979
60941
6063
6051
6041
6039
60333
5993
59727
5965
59103
59037
59014
58839
5873
5841
5833
58315
58303
57951
577
57532
57243
5696
56921
5680
5678
567
56607
5646
5644
5625
56176
5610
55814
55577
55553
55253
55250
55241
5522
55094
5506
5485
5483
5480
548
5476
5475
54732
5471
5470
5460
5433
54281
5414
53974
53435
5337
53318
53127
53123
528
5250
52319
52283
5222
5214
51931
51884
518
5147
513
512
51091
5107
5099
5092
5081
5074
5048
5021
50189
50005
49932
4990
49772
4976
49647
4956
4929
49284
49280
49220
4916
4915
49132
4912
4888
48744
487
48696
4862
48593
4852
4835
48326
4815
48142
4812
4809
4808
4803
4802
4795
4792
47810
47725
4771
4757
47465
4745
47382
4733
47261
4725
4721
472
4697
4688
4686
46850
4673
4663
4662
4644
4628
4625
4624
46062
4602
460
4585
458
4577
4572
4563
4552
45442
4537
4529
45208
4520
452
45175
4502
4498
4492
4488
44864
4483
4482
4476
44731
4471
44709
4441
4439
44204
4419
4409
43921
43919
43917
4389
4381
4373
43708
4356
43460
4345
4339
43376
4317
4300
4289
4278
42734
42728
4259
4256
4241
4225
4207
42015
42009
42004
4195
4191
4168
4160
4146
4131
4130
4127
4086
4066
4000
3990
3964
3957
3955
39427
3937
3930
3928
39234
3889
3884
387
3865
3822
3819
3813
3810
38095
3802
3797
37736
3771
3769
3767
3733
3732
3726
3690
3689
3677
36537
3653
36509
365
3599
3598
3584
3576
3572
3563
3554
3544
354
3537
3525
3516
3502
3500
3497
3494
3480
3478
3469
3467
34536
34532
34530
3445
3436
34336
3430
3423
3420
34153
3395
33896
33834
33725
33677
3364
33639
3342
3326
3325
326
3235
32300
32298
3225
32213
3206
32022
32011
32009
3194
31923
3190
3182
3179
3177
31700
3158
3153
3135
3129
3127
31184
3117
3111
3097
3091
30898
30848
30820
30803
3079
3075
3064
3045
304
3011
30
2996
2978
2943
2931
291
2905
2902
2882
2874
2851
2844
2789
27882
27834
27821
27728
27722
2771
2769
27478
27408
2732
270
26974
2693
2682
26810
2660
26578
26528
26492
26471
2639
26375
26340
2615
25937
259
25850
25771
2570
2561
2555
2554
2550
2540
2535
2534
2520
2514
251
2495
2488
2477
2475
2472
2439
240
2377
2347
2331
2327
2316
2303
2287
2265
2241
2227
2212
2205
2182
2181
217
2152
2120
212
2102
209
2084
2057
2051
2041
2038
2016
1999
1992
1984
1981
1979
1973
1964
1946
1936
1888
188301
187595
187
1860
1856
185029
183897
1836
182823
182715
1804
180095
177763
175661
175569
175485
1733
173291
1730
170813
168492
1684
168266
168254
167018
166492
1658
1648
1647
1633
163134
162478
1605
1604
160271
1601
1599
1598
1592
158813
158783
157312
156387
156371
156
155509
1529
1526
1503
1497
148888
147380
147378
147374
145839
1447
143969
1439
142997
142222
1422
141544
140956
140928
140359
137337
1366
136016
135567
135532
1355
1351
134214
1340
1330
132796
1324
1323
130450
129937
127202
127096
1264
122902
119155
118997
117533
117466
117192
116
115877
114762
113573
113
112804
112515
112421
112370
112006
111622
110882
110730
110297
110127
109895
109846
109483
109187
106873
105653
1051
1050
104863
1046
104303
1043
104283
104243
104076
103980
103801
103655
103596
1034
102993
101962
101612
101283
100507
100390
1003
100083
99917
99910
99764
99532
99106
99
988
98623
98499
984
98279
98239
98154
98122
97866
97860
97172
97168
96488
96281
96004
95654
95583
95497
95182
95147
95067
94985
94833
94405
94323
94266
94070
94018
93980
93805
935
93297
93006
927
92643
92507
92475
92439
92422
92309
917
91690
91660
91653
91622
91488
91470
91126
907
90531
90469
90376
90374
9018
90057
9005
89939
8978
89761
89759
896
8959
8946
8939
89305
8916
8912
89028
888
88699
88672
8848
8836
8833
8832
8830
88272
8813
8799
879
8778
87522
8748
87413
8730
8724
87234
8718
870
86817
867
86628
8620
8609
86059
8605
8600
8596
85788
8578
8574
85736
85412
85397
85354
8530
8521
8506
85020
8501
84942
8492
84847
8482
84615
84414
8405
840
83827
8372
8341
8337
8327
83177
8290
8270
8268
82499
82378
8235
82242
8199
8195
81910
8183
81819
81782
8138
81132
80880
80846
80727
80590
8035
8024
8016
8012
80
7991
79798
795
7937
7932
7930
79251
7925
7895
7889
7888
78836
7883
7846
7841
7840
78266
7820
78174
7812
7810
78041
78
779
7789
7782
7767
7756
7753
7705
7657
7646
764
7618
7614
7584
7566
7564
75395
74948
7493
74851
74791
74698
74668
74508
74452
74450
74282
74275
74228
7419
74075
7395
73881
7382
7369
73569
7352
7333
73290
73106
731
7307
73042
72405
7236
7234
72308
72294
72224
7222
72171
72167
7212
7206
7193
7192
7175
7171
7142
71304
71248
71211
7118
7107
71
70984
7093
7080
7079
7072
70641
7059
7054
7050
7048
7045
70305
7026
7025
7019
7015
7010
7009
6999
6992
69849
6981
69805
6978
6970
69606
69604
6954
69529
6950
695
69453
6945
6918
6909
6902
68959
68932
6872
6858
6851
6850
6827
6818
68159
6812
6800
6798
6786
6783
6780
67788
6770
67665
6760
6750
6734
6723
6720
670
6687
6684
668
66798
66744
6670
66511
6650
6624
6616
65982
6584
6579
6577
6568
6566
6554
6547
6530
6523
65133
65130
64993
6466
6464
6448
6442
6433
6428
64197
64167
6410
64032
6379
6357
635
6348
63479
63436
634
6335
6334
6330
63276
63222
6315
6314
6306
6298
6288
6270
6265
6263
6254
6244
62394
62383
6235
6220
6217
6216
6215
6203
6197
6195
6184
61729
61705
6153
6143
61406
61401
61352
61350
61348
61289
6124
6122
6116
6100
6093
60522
6035
60293
60291
6027
6023
6022
6005
6002
5999
5994
5980
5963
5951
5949
59429
5932
59306
5925
5915
59143
59141
59129
5899
58972
5890
58876
58870
58806
5880
5867
58655
58554
5853
5843
58425
58332
5820
58107
581
5809
5788
57772
5772
5755
574
5735
57183
5710
5688
568
5672
5670
5643
564
56379
5637
56336
56286
5613
56012
56003
5597
5588
5569
5563
55620
5556
55451
55444
5543
5539
5531
55292
55274
55272
55245
5523
5512
55116
5499
5497
549
5486
54780
54771
5477
54745
5472
547
5466
54648
5462
5447
5443
5437
54276
5427
5425
5423
5417
5415
54116
5404
54
5398
5387
5382
536
53574
5357
53550
53466
5346
5341
5334
5333
53161
53140
53138
5304
53022
53
5297
52950
5288
5282
52712
52668
5258
52579
5248
5238
5226
521
5205
51937
51927
51925
5187
5177
5170
51498
5137
5136
5134
5131
5127
5120
5113
511
51088
5102
5096
50851
5083
50804
50802
50800
50796
5076
5075
50740
5073
50658
506
5046
50445
5033
50274
5023
50160
50158
50003
4991
499
4985
49793
4977
4965
4959
4957
49524
4947
49389
49347
49276
4920
4919
49130
4911
49013
48883
48879
48678
48638
4863
48598
48596
48518
4849
4846
4836
48342
4833
4826
4822
48161
4801
4796
4794
47894
4789
4784
4780
4773
4765
4756
4749
4736
4727
4723
4714
4708
4699
4690
4683
4672
46572
46347
4634
4632
4629
4626
4622
4619
4617
4608
4600
4599
4589
4580
4578
4574
4541
45361
4533
4531
4527
4523
4517
4516
45062
44929
4484
4480
4478
4466
4462
44613
4444
4442
4440
44399
4438
4433
4424
44225
4412
4403
44020
4397
43932
4392
43869
4347
4337
4329
4316
4313
430
4298
4296
4294
4292
4285
4273
4268
4263
4252
425
424
4217
42013
42007
4200
4193
4187
4166
4164
4154
4147
4142
4138
4126
4124
4117
4113
40962
40955
40851
4081
4080
408
4079
4077
40697
40614
4061
4043
40412
4035
4031
4024
4009
4003
40
39801
3971
3938
3932
3929
3908
3901
389
3879
384
3839
38388
38304
3830
3823
3794
3790
3787
37853
3773
3768
3765
3760
3758
37545
3747
3743
3738
3729
3725
3719
3715
3712
3710
3696
3695
369
36850
3679
3660
3655
36533
36363
363
3626
3581
3580
3571
3559
3546
352
3475
3473
3453
34528
34523
3447
3446
34321
3431
34271
3415
34148
34143
341
3402
3393
3391
33830
33779
3372
33683
33564
335
33421
334
3330
33171
3313
3302
3299
32892
3287
3283
32770
3251
32456
3241
3240
3230
32289
3224
3217
3214
3211
321
31694
3167
31660
3165
3163
31445
31437
3138
313
3109
30883
30850
30846
3078
3055
3051
3048
3046
3042
3028
3015
2988
2967
2962
294
2932
2929
2925
2922
2903
2900
2891
2886
2878
283
2817
2816
2790
279
27899
27879
27878
27873
27850
27820
2782
27793
27768
27664
27584
27563
27441
2741
27368
2733
27311
27251
2708
26999
2696
2691
2681
26792
26778
26765
26750
2674
26712
26704
26700
26686
26649
26631
26629
26606
26585
26564
26555
26554
26547
26542
26510
26444
26422
26413
2634
2633
26326
26322
2630
2625
26249
26184
26183
26171
26159
2614
26116
26082
2607
26052
2597
2593
25886
25856
2585
25841
25827
2582
25788
25750
2575
2546
2537
2526
2525
2523
2522
2515
2511
2494
2482
2465
2446
2442
242
2419
2400
2399
2385
2382
238
2332
2330
2323
2314
2295
2283
228
2272
2267
2260
2256
2255
2244
2210
2206
2187
2177
2147
214
2119
2107
2103
2098
2095
2091
2074
2071
2069
2068
206
2042
2024
2007
1996
1987
1986
1983
1978
1938
1937
1934
1929
1913
1906
1904
190
189333
187031
1859
185585
185135
184791
184
1837
183
1829
181065
180497
180297
179817
1791
178827
178061
177615
1770
1767
173925
173145
172591
172215
171867
171765
171495
170875
170697
170355
1695
1686
167370
1670
166568
1662
166024
166
165969
165639
165101
1650
164917
1649
1629
162600
1626
1624
1623
161922
1612
1609
160718
1606
160567
159755
159717
159441
159415
1583
157200
1572
1571
156726
155820
155812
155288
1551
155064
1547
1545
1533
152091
152083
152079
152037
151763
151739
151455
151315
150401
1502
1495
1489
148881
148652
148424
147382
147376
147372
1465
146
1453
144976
144620
1440
1437
1430
142536
142509
141890
141866
141830
141688
1415
141408
141004
1406
139915
139855
1397
138210
138208
136666
136602
136449
136305
135518
135456
1352
134881
133712
1332
1329
132800
132660
1325
132424
132422
1322
132157
131826
131714
131656
1312
130634
130518
130087
129428
128968
128852
128512
127298
127204
127152
127136
127108
127098
127052
126430
123947
1236
123
122884
121097
121
120637
120478
119655
119
118985
118924
118888
118880
118702
118700
1187
118572
1176
117109
1170
116887
1167
116668
1161
115231
115122
1151
1150
114818
114795
114713
114627
114601
114074
114060
113532
113345
112497
1123
111663
1112
110669
110655
1105
109968
109848
109673
109576
109569
109372
109042
108727
108689
1085
107997
107565
107314
107069
106839
1066
106438
106330
106062
105954
105731
105593
1055
105355
105351
105250
105211
105197
105037
104944
104908
104906
104875
104457
104419
104272
104245
104129
104074
103984
103883
103819
103624
103539
103137
103107
103048
103
102720
102378
101741
101415
101088
101076
100882
100810
100714
1006
99992
99853
99846
99750
99728
99721
99638
99636
99574
99437
99415
993
99191
99130
99122
99087
99030
99005
98908
98799
987
98697
98633
98607
98604
98361
98296
98230
982
98160
981
98083
98061
97988
97950
97904
979
97870
97858
97785
97757
97701
97665
97643
976
97470
97328
97194
97188
97024
970
96975
96964
96945
96935
96917
96832
96815
96726
96691
96530
96520
96518
96471
96430
96411
96373
963
96283
96150
96121
96114
961
96020
96007
95965
95949
95939
959
95843
95839
95796
95780
95771
95761
95744
95738
95717
95633
956
95519
95508
95499
95475
95473
95218
95201
95199
95175
95170
95165
95149
95145
95135
95004
94931
94919
94896
94799
94661
94494
94325
94262
94160
94150
94130
94122
941
94011
93988
93855
93819
93790
93740
93723
937
93610
93598
93512
93502
93320
93242
93208
93193
93134
93114
93040
93022
93008
92954
929
92760
92730
92694
92681
92674
92665
92637
92348
92234
92198
92192
92094
92048
92046
91981
91935
91890
91873
91869
91860
91842
91784
91671
91666
91571
91483
91414
91386
91355
91353
91337
91325
91273
91266
91261
91233
91079
90945
90943
90863
90738
90719
90630
90576
90528
90524
90471
90428
90403
90384
90353
90343
90245
90243
9008
89945
89898
8989
8987
89862
89837
8974
897
8964
89582
8955
8954
8952
89427
89388
89386
8938
8934
8933
89281
8921
8920
89190
8918
8915
89090
89085
8905
89047
89030
88954
8894
88932
88911
889
8875
88746
88593
88515
885
8840
88327
8831
88267
882
88179
88108
88094
8809
88069
8804
8800
87960
8795
87834
8782
87785
8774
8773
8771
87660
876
8753
875
87444
8743
8738
87287
87197
87194
8713
8712
87028
86960
8690
86864
8685
8684
86815
8677
86721
8670
8667
86593
8656
86487
86355
86286
8626
86237
8611
8610
86066
86028
86014
8601
86000
8593
8591
85885
8587
8582
8580
8575
85438
85399
85394
8535
8534
8532
85316
85295
85213
8518
8512
8511
85025
8502
84950
8495
8494
8484
8481
84799
8477
84696
8465
84637
8463
8462
8461
8459
8458
84553
8454
84523
84512
8451
8450
84273
8427
8426
8425
84246
84240
8424
84189
8410
841
8402
83976
83969
83910
8391
8385
8383
8382
83796
8379
8378
8363
8338
83374
83369
83270
83086
8302
8293
82857
82848
82767
82765
8275
82744
82684
82641
82527
8241
8239
8238
8236
8232
823
8225
82093
82088
82053
82041
8197
8196
8191
8189
8188
81831
81791
81786
81681
8158
81535
8153
81520
81512
8147
81456
8143
8142
8137
8136
8131
8126
81257
8125
8121
81191
8118
8117
81158
81087
80969
8094
8092
80864
80858
80834
808
80748
80615
806
80584
80572
8057
80551
80478
80454
8043
803
8025
80162
80126
80124
8010
80094
80083
79946
7993
79897
79895
7988
7987
79868
7986
7984
7979
7976
79684
79677
79590
79572
79536
7951
79501
7944
7943
7939
7938
79333
79299
7926
79259
7916
79006
7900
790
7899
7896
78959
7891
7884
7882
7879
78746
78703
78626
78544
7844
7843
7839
7835
7833
7832
7831
7826
78218
7815
78142
78116
7811
77931
77881
7786
77846
77841
7781
77798
77795
7772
77688
775
7749
7748
7745
7743
77427
77421
7742
77364
7730
773
7727
77266
77233
77206
77201
77191
77177
7716
7714
7713
7708
7707
7704
7702
77
76763
76751
76743
76738
766
7650
7647
7636
76301
76173
7616
7615
76143
76091
76054
76030
760
75947
759
7581
75803
7572
757
7561
7560
75446
75416
75389
75341
7487
7486
7479
7477
74754
74727
747
74696
74683
74677
74647
74624
7459
7457
74553
7449
7443
7440
74370
74342
74226
7414
7411
74095
73929
73876
73822
73741
7372
73681
7368
73676
7364
7357
73515
73501
73499
7349
73488
73431
73386
7336
7335
7328
73211
7321
73160
7315
7312
7308
7306
7305
7304
7302
72921
7292
72919
72874
7282
72720
72696
72694
72692
72624
7262
72603
72601
726
72591
72554
7251
72489
7248
72479
72424
7238
72330
7219
72178
7217
72165
7211
7208
7205
7202
71999
71902
7190
71867
7184
71810
7181
7179
7178
7177
7176
71732
7167
7165
71640
71500
71494
71484
71429
71341
7134
71327
7131
71302
7127
71268
7125
7124
7122
71205
71147
7114
71131
71129
71108
7109
7108
7103
70990
7096
70932
7092
7091
7089
7088
7087
7086
7085
7083
7082
7075
7074
7073
7071
70708
70703
7070
70697
70687
7067
70663
7065
70637
706
7057
7055
70545
7052
7051
70492
7049
7047
7041
7040
7038
7037
70334
7032
7031
70301
7030
703
7023
7012
7005
70015
69988
6998
6997
69953
6994
69904
6990
69860
6984
6983
698
6973
69720
69712
6971
69685
6967
69654
6965
6963
6962
6961
69516
69495
6949
6948
69469
6946
69394
6939
6938
6935
69304
6927
69251
69224
69211
69140
69131
6912
69118
6911
68945
6889
68872
6886
6884
68835
6882
68650
6862
6860
68597
6856
68552
68536
68522
685
68480
68444
6837
6835
68347
68269
6821
68194
6817
6816
6814
6809
6804
6797
6789
67888
6782
67799
6775
6772
6769
6768
67618
6752
6748
6746
67361
6732
6722
67186
6718
67168
6706
6699
6696
6692
66915
6691
6689
6688
6679
66783
6678
6671
6665
6660
6656
66544
6654
6644
6643
66427
66335
66320
66310
66240
66198
66171
6612
66090
6609
6604
6598
6597
6596
6592
65810
6581
6578
6574
65738
6573
6571
65651
65631
6561
65601
65596
6559
65588
65577
6557
6551
6545
6542
65359
65350
6533
6528
6527
65225
6517
6516
6515
65135
6509
6506
65037
6493
649
6480
6476
64695
6465
6454
6452
64501
645
64499
6449
6434
6427
6425
64249
6424
6417
6412
64116
64114
6408
6407
6405
6402
64010
6400
6395
6390
6382
63768
6376
6371
636
6358
63515
6347
6344
6342
63393
63312
633
63239
6322
6320
632
63179
6316
6313
6310
63033
62970
6295
6289
6285
62836
6280
62799
62792
6279
6273
6269
6268
6267
62662
626
6251
6246
62437
6241
6239
6237
62344
6234
6232
62299
62293
6228
6223
6222
62208
6210
6204
6202
6201
62008
6193
6192
6182
61818
6181
618
6178
61692
6169
6163
6159
6158
61465
6145
6141
6140
61394
61262
61257
61255
6125
61246
6123
61210
61167
61123
61073
61071
61011
6101
6095
60943
60904
6090
60894
60885
6086
60857
60832
60818
60803
6078
60753
60735
6070
60674
6067
60647
6064
6060
6055
60538
60516
6049
60471
6044
6042
60408
60363
6036
6033
6031
60303
6030
60289
6021
6020
602
60141
6013
60128
60046
60030
600
59995
59915
5986
5984
59814
59810
5979
59738
59731
5969
5968
59667
5961
59604
59549
5953
5947
59440
5938
59336
59295
5929
5927
59220
5919
59131
5912
59026
59018
5901
5896
5889
58879
5884
5883
58826
5879
58783
5875
5863
58627
5856
58492
5847
58404
5840
5838
58376
5836
58351
58306
58297
58291
5829
58287
5828
58191
5818
5817
5802
5801
5799
5797
5786
57843
5780
5779
5771
5768
5767
5764
57637
57536
57526
57522
5752
57502
5749
5746
57421
5742
5741
5736
5733
57326
573
5723
5720
57147
5706
5704
5699
5694
56908
5689
56869
5685
5684
56837
5682
5675
5667
5664
5663
56620
5657
5651
5649
5640
56389
5636
5635
56333
5633
563
5629
5619
56169
5615
5614
5609
5607
56060
5603
56022
5602
5601
5596
55946
5591
5590
5589
55854
55844
5584
55805
5580
55729
55687
5564
55555
5550
55492
5538
5537
5532
55294
5529
55278
5525
55207
55205
55190
55167
55156
5515
5513
55112
55110
55080
55071
55069
55067
55061
55036
55020
55
5498
54962
54934
54908
5490
5489
54796
54787
54768
54734
5468
54617
5461
5458
5456
5455
5454
5442
54372
54354
5435
54274
5424
5422
54185
5416
5409
5397
5391
5390
5389
53883
5385
53808
5375
5373
5372
5361
53578
5356
5347
53453
53450
5345
53447
5338
53326
53280
5324
5322
5321
5307
53024
5300
52867
5285
5284
52831
5279
52784
5278
52767
52730
52715
5269
5268
52644
5256
52462
5244
5241
5240
5239
52375
5237
5231
52299
52279
5224
5221
5213
5209
52042
5202
5198
5197
51933
51903
5189
5181
5178
51694
51666
5165
51573
51562
5156
5155
51545
51471
51357
5121
51174
51167
5116
5114
5112
5111
51082
5105
51024
5095
50942
50923
5088
50806
50792
5077
5071
5069
5063
5062
50613
50610
5059
5054
5053
50514
5051
50440
5041
504
50356
5034
5028
50147
5012
5011
5007
50064
4998
49957
49917
4988
4987
4981
49735
4964
4962
496
4953
4952
4946
4945
4942
4939
49265
49263
4926
4925
4917
49110
4909
4893
48872
4885
4883
488
4879
4877
48741
4871
48698
48649
4864
486
48560
4847
48416
48414
484
48319
4831
4830
4828
4827
48262
4825
48214
4818
48150
4813
4811
4810
48045
48032
48001
4800
47970
47952
47937
4786
4785
4783
478
47793
47774
4777
4775
47736
47721
4769
4766
476
4759
47516
4750
47491
47446
4743
47404
4740
47254
47202
4715
4711
4710
4709
4705
4704
470
4695
4689
4687
46865
46862
46855
46772
4675
4671
4670
467
46664
4666
4661
4660
4658
46574
46559
4653
4646
4645
46367
4636
4635
46337
4630
46231
4615
4614
4613
4612
4611
46105
4603
4597
45969
4595
4594
4593
4584
4583
4581
4573
4568
45658
4565
45648
45635
4562
45503
45382
4524
4522
45183
4511
451
45074
4506
4505
4504
4500
4497
4496
4495
44943
44937
44931
4490
449
44889
44851
44849
44773
44759
4473
44719
44657
44633
4463
44597
4459
4458
4454
4453
4449
4443
4434
44301
4428
4426
44243
44241
44238
4422
4420
44197
4410
4407
4404
4399
4395
4394
43930
43914
43912
43908
4390
4384
43744
43684
43677
4357
43556
4355
43549
4354
4350
4342
43419
43333
43289
4323
4312
4305
4297
42946
42943
4290
4284
4282
42761
42732
42638
4260
42556
4251
4243
42422
4242
4240
4237
4236
42285
4224
42191
4219
42176
4212
42018
4198
4197
4189
4184
4180
418
41769
4174
41724
41712
41627
4157
4156
41527
4152
4139
4129
4125
4123
4116
4115
4111
4110
41014
40946
4093
4092
40870
4082
4078
4074
4067
4065
406
40578
4055
4053
40491
4046
4032
3989
3974
3966
3965
3963
3962
3958
39516
3951
3947
3941
3940
3939
3933
39307
3926
3922
3920
3919
3912
391
3906
38992
3899
3898
3895
3894
3888
388
38798
3872
3870
3862
386
3859
3857
3855
385
3849
3846
3845
3838
3837
3834
3833
3832
38294
38198
38164
3816
3808
3807
3806
3795
3792
3761
3756
37495
37477
3746
3736
3728
37211
3720
3714
3713
3711
3700
3694
36931
3691
3687
3680
3678
3673
3669
3667
3664
3663
3662
3661
3658
3652
3648
3643
3641
3640
36397
3637
36289
36276
3622
3609
3604
3597
3596
3592
359
3587
3586
35807
3574
3573
3569
3568
3567
3539
35347
3514
35015
3496
34811
34800
3474
3459
3455
34540
3454
34450
34397
34359
3434
3433
34326
3432
34312
34292
3428
3417
34164
3414
34129
3410
3406
3405
3403
34018
3400
33966
3390
33893
33838
33826
33815
33801
33781
3374
3370
33681
3368
33649
33644
33629
336
3357
33558
3353
3350
3345
3344
3331
33294
3329
3324
33237
3323
3315
33148
33138
33132
33126
33124
331
33090
3303
3295
32917
32914
32898
3289
32875
3284
3281
3280
32799
3276
32728
32666
32659
32649
32620
32600
32589
32582
32554
32515
32511
32442
32440
324
32392
32387
32314
32294
32243
32234
3223
32179
32139
32116
32060
32058
320
31973
31952
31925
3192
31903
31867
31851
3185
3183
31737
3171
31702
31698
31692
31664
3162
31617
31610
3161
31590
31553
31522
3150
3145
31431
3143
31422
3141
31367
3132
31309
31297
31260
31223
3120
31193
31162
31123
3112
31116
31114
31101
311
31086
31083
3106
31049
31038
31030
3103
30994
3096
3094
30890
3086
30818
3077
3076
30745
3073
3057
3056
3043
3021
3014
3013
3010
301
3003
2992
2984
2983
2982
2979
2977
2975
2974
2972
2969
2965
2964
295
2930
2928
2927
2899
2898
2897
2896
2894
2893
2887
2885
2876
287
2868
2865
2862
2856
2852
285
2848
2847
284
2835
2828
2824
2818
2813
2812
2801
2800
27905
27869
27866
27865
2784
27838
27830
27829
27826
27802
278
27784
27778
27769
27762
27751
2775
27746
27744
27716
27708
27705
27695
27689
27685
27683
27674
27667
2766
27644
27627
27619
27618
2757
27555
27549
2754
27539
27537
27523
27513
2751
27491
2749
27482
27480
27473
2744
27434
2743
27426
27420
2742
27416
2740
2738
27373
2737
27369
27329
27328
27320
27306
2727
27255
27246
27186
27178
27176
27155
27140
27105
27075
27074
27036
27032
27022
27008
27006
27003
27002
26985
2698
2697
26965
26958
26947
26940
26928
26913
26901
26900
269
26887
26875
26871
26870
26865
26861
26849
26838
26828
26819
26812
26797
26796
26791
26782
26777
26764
26761
26745
26743
26741
26736
26732
26726
26717
26713
26701
26696
26695
26694
26693
26681
26676
2665
26645
26630
26622
26612
2661
26603
26599
26590
26587
26567
26562
2656
2655
26527
26524
2652
2651
26504
26498
26472
26453
26409
26401
26399
26394
26391
26386
26366
26359
26357
26350
26347
26344
2632
26317
26313
26308
26303
263
2629
26285
26283
26265
26236
26231
26225
2620
26198
26195
26176
26172
26169
26151
26150
26147
26124
26122
2612
2611
26095
26078
26073
26059
26048
26038
26003
26002
25999
25996
25959
25952
25947
25946
25940
25927
25923
25906
25905
2590
25898
25887
25870
2587
25865
2586
25834
25833
25826
25805
25797
25782
25773
2577
25769
25757
25753
25746
2573
2566
2563
2559
2557
2552
2544
254
2538
2521
2516
2512
2503
2483
2481
2462
2460
2451
2448
2425
2415
2388
2368
2365
2364
2363
2362
2358
2350
2342
2339
2333
2304
2298
2286
2281
2280
2271
2257
2226
2211
2207
2201
220
2196
2190
219
2185
2180
2179
2178
2175
2172
2164
2156
2154
211
2104
2075
2056
2055
2044
2043
2037
2035
2032
2026
201
2008
1990
1985
1980
1941
1940
193587
193585
193583
193581
193579
193573
193571
193565
1933
1932
1928
1926
1922
191005
1910
190221
190215
190213
190209
190207
190183
189713
1897
189547
189381
1893
189111
1891
189043
189
188833
188797
188751
1887
188675
188189
1881
187717
1870
1867
186587
1857
185473
185435
185033
185031
184997
184987
184931
184721
184641
184349
184257
184253
184245
184053
184015
183911
1839
183317
183301
183295
183199
183011
182793
182749
182731
182727
1827
182639
1826
1825
1824
182299
182293
181719
181659
1816
181413
181315
1812
180987
180777
1807
180265
180231
180045
179953
179815
179813
1798
179749
179427
1794
1793
179211
179135
179119
179053
179
178615
178613
178323
178129
178111
178
177939
177285
177185
1771
176935
176805
176751
176621
176601
176579
176423
176419
176415
176413
176389
176329
176051
1759
175743
175705
1757
175693
175577
175475
175435
175431
175401
175397
175387
175199
175197
174909
174815
174737
174681
174551
174403
174141
174045
173963
1739
173873
173619
173535
173351
173317
173307
173255
173253
173235
173209
173205
173197
172909
172887
172881
172875
172825
172793
172705
172637
172589
172585
172583
172577
172547
172497
172461
172321
172253
172233
171891
171811
1718
171759
171751
171749
171701
171695
171631
170993
170957
170945
170939
170937
170907
170837
170827
170777
170597
170551
170411
170401
170399
170357
170297
170289
169992
169982
169958
169912
169904
1699
169670
1696
169034
168846
168712
168632
168612
168608
168456
168366
168358
168350
168326
168218
168174
168144
168090
168026
1679
167790
167772
167732
167706
167634
167570
167538
167380
167296
1671
166946
166705
166558
166526
166291
166203
166183
1661
1660
165959
165947
165843
165671
165645
165635
1656
165551
165529
1655
165489
165483
1654
1652
165103
165075
164881
164707
164367
164280
164226
164200
1642
163985
163981
163937
163925
163809
163653
163639
163527
163386
163112
1631
163072
162968
162828
162602
162598
162590
162082
161966
161918
161830
161594
161354
1613
161290
161127
161044
161032
161024
161008
160978
160872
160848
160836
160730
160684
160646
160644
160573
160571
160569
160565
160440
160422
160400
160341
1600
159976
159858
159811
159779
159690
1596
159510
159403
159077
159069
159061
158972
158956
158882
158842
158830
158721
158528
1585
158402
158398
158388
158254
1581
158027
157775
157407
1574
157369
157340
157270
157172
157130
157122
157110
157108
156706
156607
156605
156553
1565
1564
156025
155892
155774
155743
155659
155168
154975
1546
154358
154065
153408
153386
153236
153070
152711
152658
152591
152372
152284
152270
152173
152105
152085
152071
152063
152
151781
151777
151759
151745
151695
151653
1516
151559
151557
151501
151479
1514
151317
151311
150993
150604
150596
150554
149830
149612
1496
149508
149380
149350
149334
149330
1493
149146
149144
149011
1490
149
148709
148675
148667
148632
148592
148482
1484
148238
148172
148
147936
1477
147657
147410
147328
147326
147300
1473
147286
147282
147250
147196
147142
147002
146986
146730
146684
146682
146662
146309
146244
146210
146028
146024
1460
145994
145951
145935
1458
145745
145724
1456
145418
145283
145150
144716
144714
144606
144478
144352
144262
144222
144210
143896
143511
143472
143410
143367
143365
143257
143255
143245
143031
143001
142961
142831
1428
1427
142602
1426
142598
142558
142550
142456
142444
142424
142420
142372
1423
142196
142115
142020
141994
141928
141844
141836
141820
141818
141816
141810
141799
141749
1417
141668
141646
141422
141400
1413
1412
140852
140850
140816
140737
140725
140627
140561
140541
140525
140523
140481
140301
140289
140265
140237
140133
1401
140038
140016
139994
139859
139857
1398
139717
139640
139511
139157
139130
139052
138966
138835
138798
138702
138632
138610
138546
138396
138204
138186
137863
137517
137345
137218
137
136912
136840
136838
136834
136816
136800
136786
136778
136664
136654
136556
136540
136511
136503
136471
136447
136445
136359
136355
136341
136297
136018
136012
135937
135803
135787
135777
135534
135216
135198
1349
134859
134808
134796
134783
134775
134528
134524
134515
134334
134248
134246
134158
134109
1341
134041
134021
134004
133879
133867
133832
133802
133780
1337
133645
1336
1335
133377
133365
133281
133217
133195
133115
1331
132888
1328
132618
132584
132496
132488
132454
132362
132335
132153
132084
1318
131796
131749
131739
131724
131610
131578
131480
131439
131237
131130
131104
131098
131023
1310
130976
130970
130842
130840
130686
130578
130498
130482
130452
130083
130052
129779
129737
129659
129657
129397
129333
129229
129011
129
128991
128914
128908
128902
128900
128842
128832
128736
128542
128488
128366
128197
128097
128089
128087
128
127390
127323
127319
127212
127194
127184
127180
127172
127146
127132
127130
127116
126577
126482
126142
126090
126088
125974
125970
125916
125914
125221
124853
124484
124404
123553
123310
123200
122932
122888
122627
122490
122433
122260
122246
122092
121781
121715
121469
121374
121372
121342
121338
121253
121231
121169
121129
121099
121035
121007
120807
120783
120761
120625
120138
120130
119964
119714
119218
119167
119153
118896
118894
118834
118784
118706
118530
118354
118326
118290
118270
118248
118198
118166
118
117922
117877
117867
117849
117646
117630
117572
117444
117368
117364
117133
117107
117
116985
116977
116963
116941
116849
116817
116738
116724
116718
116529
116419
116413
1163
116207
1162
116169
116138
116044
115969
115828
115819
115727
115680
115667
115664
115502
115216
115203
115151
115065
114925
114847
114707
114678
114554
114494
114335
114265
114184
114126
114066
114044
114028
1140
113862
113849
113829
113780
113741
113604
113565
113416
113394
113374
113350
113313
113280
113275
113252
113225
113207
113159
112940
112897
112727
112512
112460
112454
112326
112316
112303
112070
111913
111844
111800
111795
111785
111732
1117
111680
1116
111551
111443
1114
111384
111375
111320
111146
110826
110781
110773
110746
110718
1107
110611
110603
110591
110586
110541
110387
110350
110330
110281
110130
109971
109941
109897
109864
109853
109850
109687
109383
109313
109295
109191
108981
108949
108795
108715
108601
108192
108188
108078
108
107999
107962
107953
107951
107945
107846
107780
107771
107702
107630
107462
107449
107436
107412
107410
107408
107338
107159
107013
106927
106889
106883
1068
106648
106594
106542
106144
106
105835
105801
105755
105746
105720
105585
105540
105468
1054
1053
105254
105121
105020
104925
104837
104780
104760
104644
104339
104337
104141
104078
104017
1040
103685
103609
103606
103602
103502
103483
103449
103366
103245
103233
103221
103219
103210
103171
103085
103027
102880
102852
102823
102819
102802
102760
102747
102742
102735
102684
102666
102602
102590
102217
102194
102165
102066
102058
102025
102007
101884
101765
101739
101531
101529
101423
101360
101074
101072
101070
100906
100843
1008
100611
100579
100556
100553
100487
100397
100326
100306
100302
100277
100226
100194
100159
100106
100068
