414
599
474
448
274
610
68
380
606
288
249
387
182
307
298
603
177
318
232
480
608
600
105
483
590
19
305
489
111
438
217
140
477
91
555
28
89
64
18
534
561
219
226
525
57
381
469
560
509
462
292
42
368
597
580
160
294
21
517
275
45
596
156
514
202
567
391
62
357
339
103
51
125
199
221
132
313
66
200
453
425
50
428
6
352
573
84
122
484
356
135
365
332
169
104
63
382
325
495
239
290
432
222
187
328
212
20
330
372
562
282
82
198
1
594
434
354
304
41
186
119
4
563
263
385
73
605
452
312
220
246
586
234
522
280
139
570
367
153
552
166
520
317
74
195
80
607
479
266
256
141
587
167
410
331
279
95
527
216
346
117
7
265
260
572
419
334
577
475
564
408
326
247
137
420
287
33
559
47
113
351
27
210
233
254
524
230
100
424
377
15
464
52
482
314
129
602
184
10
437
43
268
240
109
376
411
369
405
551
76
144
22
393
23
201
571
409
308
306
17
492
24
58
115
83
59
542
488
465
436
301
181
466
309
510
136
32
93
604
490
16
40
361
322
244
412
362
323
227
168
601
593
39
373
215
370
286
503
159
500
422
592
554
415
34
504
353
116
418
98
541
470
446
284
213
211
191
543
427
426
390
460
29
171
204
553
447
38
225
584
523
445
96
223
143
579
476
401
359
297
108
566
384
344
178
11
528
241
179
386
337
174
75
342
235
190
131
88
229
112
546
455
417
36
345
152
493
491
395
101
79
588
582
165
102
86
585
526
511
458
450
343
321
303
273
94
348
316
78
70
487
413
404
336
310
264
262
123
591
558
486
430
429
183
149
497
267
261
248
121
44
31
14
124
110
99
90
532
9
583
416
341
327
224
188
537
402
378
237
203
170
151
56
155
457
238
8
456
400
371
295
253
185
72
454
398
270
252
538
536
512
441
347
285
148
67
443
271
255
142
69
61
533
506
501
5
498
338
3
176
126
609
540
521
435
242
162
134
97
589
502
46
449
421
358
302
276
161
133
71
581
473
399
319
283
209
85
539
505
451
444
379
164
154
13
128
107
106
65
468
366
349
315
30
291
236
193
146
12
565
556
472
463
440
389
388
383
375
374
300
259
197
196
575
519
48
363
350
250
205
578
54
513
311
277
272
269
228
150
130
114
77
557
548
496
481
403
355
340
296
243
218
2
535
471
461
392
335
208
530
394
258
158
81
55
529
515
396
360
25
206
180
173
120
92
550
545
508
499
406
333
293
231
214
194
175
172
163
157
127
595
576
568
549
547
518
516
507
485
439
397
37
299
281
26
207
145
138
118
60
544
478
459
431
407
251
245
87
49
467
423
329
598
569
531
494
433
364
35
324
289
192
147
53
320
278
574
442
257
189
